LIMA_CENTRO	0	13	19	23	6	13	21	13	17	17
LINCE	    13	0	8	13	16	23	17	5	13	15
MIRAFLORES	19	8	0	11	23	29	20	12	15	18
BARRANCO	23	13	11	0	25	32	36	17	21	21
RIMAC	    6	16	23	25	0	23	39	24	33	31
LOS_OLIVOS	13	23	29	32	23	0	41	32	39	35
LA_MOLINA	21	17	20	36	39	41	0	20	35	16
LA_VICTORIA	13	5	12	17	24	32	20	0	24	15
MAGDALENA	17	13	15	21	33	39	35	24	0	25
SAN_BORJA	17	15	18	21	31	35	16	15	25	0